[ 0.88047567]  [ 6.52180595]
[ 1.86044712]  [ 9.1472036]
[ 3.07970859]  [ 13.44452355]
[ 4.18429345]  [ 16.72203906]
[ 5.00375303]  [ 19.0207823]
[ 6.2313431]  [ 22.79737768]
[ 7.24396228]  [ 26.10378625]
[ 7.95600859]  [ 28.13073239]
[ 9.15135474]  [ 31.16080712]
[ 9.73349041]  [ 32.97387201]
[ 10.96904203]  [ 36.67967619]
[ 12.12607106]  [ 40.40256173]
[ 12.78687542]  [ 42.22869252]
[ 13.98350418]  [ 45.99630641]
[ 15.04081977]  [ 49.06226384]
[ 16.11503125]  [ 52.35999791]
[ 17.18107878]  [ 55.42861465]
[ 18.12320624]  [ 58.34320842]
[ 18.94276046]  [ 61.070857]
[ 20.03591266]  [ 64.09090492]
[ 20.95911299]  [ 66.74294659]
[ 21.71990965]  [ 69.30573381]
[ 23.14895787]  [ 73.75320058]
[ 24.27783669]  [ 76.82545854]
[ 25.24755695]  [ 79.92437546]
[ 26.00958898]  [ 81.84759059]
[ 27.26578701]  [ 85.81474573]
[ 28.24706824]  [ 88.80495883]
[ 28.82384102]  [ 90.68216444]
[ 30.19424016]  [ 94.54683948]
[ 30.76570212]  [ 95.83712593]
[ 31.63189048]  [ 98.85397569]
[ 32.93259295]  [ 102.84620834]
[ 33.85195993]  [ 105.55511155]
[ 35.10417549]  [ 109.00910024]
[ 35.97765829]  [ 111.62143903]
[ 36.87214058]  [ 114.7773185]
[ 38.01705211]  [ 117.67429571]
[ 38.96435596]  [ 120.73179449]
[ 40.48255717]  [ 125.60785828]
[ 40.98719858]  [ 127.10855106]
[ 42.19628684]  [ 130.42809981]
[ 42.73500787]  [ 132.05873809]
[ 44.21139528]  [ 136.77745218]
[ 44.92922475]  [ 138.75260097]
[ 46.25922609]  [ 142.66627828]
[ 46.7808655]  [ 144.2201837]
[ 47.92000601]  [ 147.88929062]
[ 49.0311077]  [ 151.34172954]
[ 49.70525601]  [ 153.39933652]
[ 50.59780886]  [ 155.74228308]
[ 52.28753827]  [ 160.86580131]
[ 53.6004908]  [ 165.09962889]
[ 54.1754725]  [ 166.37539028]
[ 55.36729934]  [ 170.14724959]
[ 55.91839497]  [ 171.54893851]
[ 56.91987195]  [ 174.6833887]
[ 58.08228365]  [ 178.51751932]
[ 59.05691119]  [ 180.95823472]
[ 60.16764137]  [ 184.74215908]
[ 61.00490573]  [ 186.97551089]
[ 61.95599558]  [ 189.92243424]
[ 63.18493112]  [ 193.62708659]
[ 63.95648529]  [ 196.05140463]
[ 65.26552975]  [ 199.57763913]
[ 65.9788745]  [ 201.85572953]
[ 66.72771731]  [ 204.32220432]
[ 67.75097571]  [ 207.60439375]
[ 69.15130999]  [ 211.3026332]
[ 69.84260651]  [ 213.53012262]
[ 70.85907267]  [ 216.63056204]
[ 71.73703818]  [ 219.12788734]
[ 72.94864392]  [ 222.69834427]
[ 74.30551576]  [ 226.7662447]
[ 74.91447927]  [ 229.04846477]
[ 75.59570944]  [ 231.11264339]
[ 76.95354075]  [ 234.94044588]
[ 78.23325987]  [ 238.66906855]
[ 79.12694113]  [ 241.29425683]
[ 80.29997543]  [ 245.13146654]
[ 80.98617697]  [ 246.97015607]
[ 81.93442544]  [ 249.92618868]
[ 82.91094786]  [ 252.5733237]
[ 84.1327173]  [ 256.36762803]
[ 85.17709499]  [ 259.43516079]
[ 86.08152119]  [ 262.41031018]
[ 87.04036876]  [ 265.39781958]
[ 88.55417785]  [ 269.44582301]
[ 89.18544059]  [ 271.41310993]
[ 89.83955405]  [ 273.48841275]
[ 91.30950631]  [ 277.8639882]
[ 92.02642585]  [ 279.77328786]
[ 93.01663545]  [ 282.84953794]
[ 93.91934374]  [ 285.81689136]
[ 95.3608175]  [ 290.31677979]
[ 96.11875889]  [ 292.19169939]
[ 97.04214573]  [ 295.24054836]
[ 98.28341373]  [ 298.59118026]
[ 98.94252167]  [ 300.895946]
[ 100.21164906]  [ 304.41717443]
[ 100.93064729]  [ 306.88270436]
[ 102.4837391]  [ 311.36885112]
[ 103.4543443]  [ 314.19220814]
[ 103.92867773]  [ 315.85221541]
[ 104.76657274]  [ 318.48340187]
[ 106.16835528]  [ 322.51429878]
[ 107.00420621]  [ 325.00829336]
[ 108.21778873]  [ 328.75600344]
[ 108.95159075]  [ 330.42316511]
[ 109.90973272]  [ 333.18359356]
[ 111.06917905]  [ 337.2568213]
[ 112.32440134]  [ 341.08277408]
[ 113.17857584]  [ 343.67873135]
[ 114.09770812]  [ 346.24806914]
[ 114.9100153]  [ 348.67015668]
[ 115.9139831]  [ 351.75103249]
[ 117.01966993]  [ 354.80151469]
[ 118.00031066]  [ 357.87760353]
[ 119.00949591]  [ 361.2427723]
[ 120.08009165]  [ 364.25484265]
[ 121.24399825]  [ 367.85099565]
[ 121.93393401]  [ 369.75438872]
[ 123.08044943]  [ 373.51841602]
[ 124.08416098]  [ 376.40208326]
[ 124.84179423]  [ 378.71172117]
[ 126.21149532]  [ 382.93739033]
[ 126.80464903]  [ 384.53873915]
[ 127.96303012]  [ 387.77587748]
[ 128.97347031]  [ 390.89661746]
[ 129.95500829]  [ 393.58906461]
[ 131.01772477]  [ 396.99681427]
[ 132.29839196]  [ 400.90831694]
[ 132.92763277]  [ 402.67394355]
[ 133.71170655]  [ 404.94629329]
[ 134.95027387]  [ 409.04744101]
[ 136.29656041]  [ 412.85249861]
[ 137.10969002]  [ 415.2497866]
[ 138.0745744]  [ 418.16938246]
[ 138.90079336]  [ 420.84429856]
[ 140.22726357]  [ 424.73764433]
[ 141.15330724]  [ 427.10763921]
[ 142.14745661]  [ 430.80441147]
[ 142.88085576]  [ 432.59852798]
[ 143.90250074]  [ 435.25930798]
[ 144.97646592]  [ 438.77539895]
[ 146.28698253]  [ 442.84906782]
[ 146.90617503]  [ 444.97326606]
[ 148.24885237]  [ 448.7005509]
[ 149.00648125]  [ 451.18586733]
[ 150.00517655]  [ 454.01815198]
[ 151.24847531]  [ 457.7313706]
[ 152.13425199]  [ 460.11079845]
[ 153.00318455]  [ 462.76736855]
[ 154.30996376]  [ 467.00475472]
[ 154.8343096]  [ 468.09388444]
[ 155.72790621]  [ 471.10706728]
[ 156.87345338]  [ 474.70184986]
[ 157.78121272]  [ 477.41161834]
[ 158.93120076]  [ 480.62488008]
[ 159.85575911]  [ 483.4251287]
[ 160.8534217]  [ 486.24146455]
[ 162.09012329]  [ 490.28146612]
[ 163.01128062]  [ 492.95603072]
[ 164.20815582]  [ 496.62984186]
[ 165.01137281]  [ 498.80399914]
[ 165.85968545]  [ 501.67788486]
[ 167.08849485]  [ 505.29220611]
[ 168.20445011]  [ 508.60975556]
[ 168.90098233]  [ 510.77345174]
[ 170.30594078]  [ 514.45196222]
[ 170.94500104]  [ 516.92097899]
[ 171.65263892]  [ 518.79508832]
[ 173.24811151]  [ 523.91303004]
[ 174.33795016]  [ 527.36265135]
[ 175.14937674]  [ 529.63086342]
[ 176.16024458]  [ 532.46420277]
[ 177.04488535]  [ 535.15224709]
[ 177.9962078]  [ 538.38121447]
[ 179.18319193]  [ 541.07880093]
[ 180.09307654]  [ 544.43293634]
[ 180.98962585]  [ 546.79682391]
[ 182.01903002]  [ 549.92549105]
[ 182.82805107]  [ 552.56248044]
[ 184.21329559]  [ 556.94488338]
[ 185.25549857]  [ 559.88486487]
[ 185.95590798]  [ 561.64689078]
[ 187.08296005]  [ 565.46414664]
[ 187.81183946]  [ 567.40406723]
[ 188.99667019]  [ 570.95357321]
[ 189.99843004]  [ 573.70920615]
[ 190.92198299]  [ 576.80612394]
[ 191.90783069]  [ 579.89246718]
[ 192.98169103]  [ 583.12904668]
[ 194.0861725]  [ 586.26026035]
[ 194.85952543]  [ 588.25056411]
[ 195.99320425]  [ 591.9300916]
[ 196.67251995]  [ 594.01526658]
[ 197.47887876]  [ 596.63616771]
[ 199.23454493]  [ 601.95343434]
[ 199.84163265]  [ 603.77464744]
[ 200.82356894]  [ 606.36012496]
[ 201.77298468]  [ 609.16196212]
[ 202.91874942]  [ 612.61202049]
[ 204.25158509]  [ 616.87515026]
[ 205.09732459]  [ 619.40591252]
[ 205.58909915]  [ 620.99045661]
[ 206.90113706]  [ 624.80211145]
[ 208.09010138]  [ 628.0299499]
[ 209.42080543]  [ 632.30707342]
[ 209.99404607]  [ 634.05510742]
[ 211.0956851]  [ 637.40208217]
[ 212.36652462]  [ 641.19961921]
[ 212.87704475]  [ 642.71377474]
[ 214.1249828]  [ 646.28091048]
[ 215.1199353]  [ 649.18319104]
[ 215.84703053]  [ 651.85398307]
[ 217.12746671]  [ 655.34260349]
[ 218.17777442]  [ 658.5428973]
[ 219.03836875]  [ 661.11429064]
[ 220.05379329]  [ 664.0846781]
[ 220.91601194]  [ 666.39831295]
[ 222.14454244]  [ 670.510424]
[ 223.05969513]  [ 673.22038502]
[ 223.8897143]  [ 675.30000127]
[ 225.26333778]  [ 679.9083273]
[ 225.83460705]  [ 681.30989783]
[ 227.12189422]  [ 685.08618991]
[ 227.99872615]  [ 688.21811866]
[ 228.75805074]  [ 690.3538974]
[ 229.95771456]  [ 693.66691959]
[ 231.02293055]  [ 696.7403149]
[ 231.88822746]  [ 699.84682513]
[ 232.97227341]  [ 702.63029759]
[ 233.89703385]  [ 705.26853115]
[ 234.48878962]  [ 707.42003877]
[ 236.07326492]  [ 712.57196735]
[ 236.94751338]  [ 714.78427693]
[ 238.05541084]  [ 718.35964058]
[ 238.88829772]  [ 720.57578957]
[ 239.77452131]  [ 723.15048786]
[ 241.14530459]  [ 727.39509467]
[ 242.10870789]  [ 730.4258199]
[ 243.16156204]  [ 733.45782959]
[ 244.11909667]  [ 736.08216732]
[ 244.90159043]  [ 739.09928963]
[ 246.36304626]  [ 743.19667597]
[ 246.92890932]  [ 744.88432246]
[ 248.00411049]  [ 747.99205365]
[ 248.92542623]  [ 750.60252634]
[ 249.88527103]  [ 753.4875807]
[ 250.70668755]  [ 755.73939462]
[ 251.87305616]  [ 759.73170144]
[ 253.39297526]  [ 763.86880195]
[ 254.32992723]  [ 767.1203109]
[ 254.93503181]  [ 768.89848851]
[ 255.91645277]  [ 771.68816322]
[ 256.9114438]  [ 774.72023802]
[ 257.95834482]  [ 777.81833019]
[ 258.8604868]  [ 780.44769279]
[ 260.08220855]  [ 784.22823215]
[ 261.11436035]  [ 787.11474872]
[ 262.06026871]  [ 790.33980367]
[ 262.95640104]  [ 792.81194046]
[ 263.80027356]  [ 795.64505464]
[ 264.94288293]  [ 798.63008408]
[ 265.92605534]  [ 802.00615171]
[ 266.96205519]  [ 805.21957501]
[ 267.89227914]  [ 807.93055259]
[ 268.77702187]  [ 810.11819922]
[ 269.8979001]  [ 813.54097077]
[ 270.49309491]  [ 815.75633918]
[ 271.75597843]  [ 819.14376202]
[ 273.14549507]  [ 823.39694642]
[ 274.31481097]  [ 826.86803795]
[ 275.1268062]  [ 829.2680492]
[ 275.90895529]  [ 831.22738553]
[ 276.78155923]  [ 834.19042762]
[ 277.91679588]  [ 837.95709837]
[ 278.97591482]  [ 841.16161232]
[ 280.41400188]  [ 845.22121383]
[ 280.64348635]  [ 845.78526901]
[ 281.67798739]  [ 849.02859166]
[ 283.02529223]  [ 853.2540369]
[ 284.02480622]  [ 856.08947441]
[ 285.11223869]  [ 859.13266401]
[ 286.00948704]  [ 861.93762509]
[ 287.2839318]  [ 865.74885785]
[ 287.3968449]  [ 865.99304391]
[ 289.10610482]  [ 871.49944487]
[ 289.99999729]  [ 874.16884949]
[ 290.73434404]  [ 876.47307568]
[ 291.75389202]  [ 879.26243271]
[ 292.91622027]  [ 882.86199375]
[ 293.80016741]  [ 885.76237376]
[ 295.02926922]  [ 889.26202005]
[ 295.90625456]  [ 891.82714503]
[ 296.94056188]  [ 894.83239623]
[ 297.95318383]  [ 897.48319476]
[ 298.58741501]  [ 899.70862771]
[ 300.32307022]  [ 905.05998292]
[ 301.04000982]  [ 907.45181109]
[ 302.15918406]  [ 910.58588499]
[ 303.02992862]  [ 913.11374112]
[ 303.95803271]  [ 915.90680545]
[ 304.78453169]  [ 918.18271485]
[ 305.97657317]  [ 921.99075444]
[ 307.04135992]  [ 925.04851872]
[ 307.74799897]  [ 927.32938558]
[ 308.82683554]  [ 930.60792458]
[ 309.79952409]  [ 933.32048149]
[ 310.79204058]  [ 936.34115045]
[ 312.19178139]  [ 940.59523953]
[ 313.33985792]  [ 943.91673081]
[ 314.0623838]  [ 946.26732282]
[ 315.12531663]  [ 949.26017968]
[ 316.24012179]  [ 952.72185974]
[ 316.80796455]  [ 954.53510718]
[ 317.80460985]  [ 957.25443463]
[ 318.55334312]  [ 959.67511873]
[ 319.98922141]  [ 963.69095196]
[ 321.0104093]  [ 966.96324849]
[ 322.02830909]  [ 970.0877934]
[ 323.15857551]  [ 973.42705615]
[ 323.87256392]  [ 975.33326115]
[ 325.14013542]  [ 979.32820324]
[ 325.95158628]  [ 982.07692212]
[ 327.01195305]  [ 985.24210017]
[ 327.906855]  [ 987.7478565]
[ 329.31998401]  [ 991.8254094]
[ 329.98694951]  [ 993.81722728]
[ 330.94367145]  [ 997.25640052]
[ 331.61519795]  [ 998.86759265]
[ 333.24814605]  [ 1003.74490989]
[ 333.91835931]  [ 1005.93627135]
[ 334.89982975]  [ 1008.83088752]
[ 335.82753071]  [ 1011.58764464]
[ 336.79347904]  [ 1014.292981]
[ 337.96057918]  [ 1018.22952926]
[ 339.1614908]  [ 1021.49875652]
[ 340.18529452]  [ 1024.65669457]
[ 341.04981448]  [ 1027.25276783]
[ 341.67555032]  [ 1028.93463663]
[ 342.90009767]  [ 1032.63581552]
[ 343.76108175]  [ 1035.50041386]
[ 344.90449959]  [ 1038.99439406]
[ 346.12269232]  [ 1042.57270739]
[ 347.15964321]  [ 1045.80039663]
[ 347.72086907]  [ 1047.13868676]
[ 348.77393122]  [ 1050.67460826]
[ 349.93732158]  [ 1053.56773846]
[ 350.92061108]  [ 1056.53653639]
[ 352.28905088]  [ 1060.95272804]
[ 353.27337956]  [ 1063.84697463]
[ 354.12320913]  [ 1066.28318943]
[ 354.9013528]  [ 1068.52617534]
[ 355.80238029]  [ 1071.56410986]
[ 357.11795457]  [ 1075.59696437]
[ 357.87643025]  [ 1077.58180955]
[ 358.97544518]  [ 1080.73976974]
[ 359.84041092]  [ 1083.95665487]
[ 360.87481312]  [ 1086.6938075]
[ 361.83530525]  [ 1089.59836075]
[ 363.05306758]  [ 1093.62647956]
[ 364.30869141]  [ 1096.88796957]
[ 364.36675045]  [ 1096.86390434]
[ 365.61350677]  [ 1100.70130403]
[ 366.72254347]  [ 1103.85427116]
[ 367.73518042]  [ 1107.25531635]
[ 368.98504123]  [ 1110.98178772]
[ 369.91160583]  [ 1113.62760155]
[ 370.6873669]  [ 1115.84345894]
[ 371.7008412]  [ 1119.04840472]
[ 373.18887611]  [ 1123.47973034]
[ 373.84235596]  [ 1125.780356]
[ 375.04167404]  [ 1129.68643487]
[ 376.29649126]  [ 1132.74619852]
[ 377.04839393]  [ 1135.4637225]
[ 378.07722689]  [ 1138.04306102]
[ 378.87406369]  [ 1140.86340817]
[ 379.82788873]  [ 1143.3738216]
[ 381.13474885]  [ 1147.32281722]
[ 382.04707414]  [ 1150.06058433]
[ 383.29939684]  [ 1153.8659455]
[ 383.79588666]  [ 1155.53471247]
[ 384.97140684]  [ 1158.8998124]
[ 385.83337482]  [ 1161.62568677]
[ 387.06010856]  [ 1165.00175213]
[ 388.01663525]  [ 1167.96385526]
[ 388.92813697]  [ 1170.6637517]
[ 390.09298567]  [ 1174.33378693]
[ 390.90595632]  [ 1176.84577663]
[ 392.3216968]  [ 1181.04495627]
[ 392.82711916]  [ 1182.27868551]
[ 394.10798644]  [ 1186.46686954]
[ 394.91696172]  [ 1188.09545058]
[ 396.39420087]  [ 1193.36959975]
[ 396.80906949]  [ 1194.52975329]
[ 397.83318771]  [ 1197.60826305]
[ 399.11651642]  [ 1201.10687497]
[ 399.79811091]  [ 1203.37903707]
[ 401.20865772]  [ 1207.70759897]
[ 402.1051294]  [ 1210.43035353]
[ 402.93330293]  [ 1212.57324098]
[ 403.91513726]  [ 1215.42314221]
[ 404.93805762]  [ 1218.67141313]
[ 406.18746745]  [ 1222.60460708]
[ 407.05561447]  [ 1225.16392359]
[ 407.93643294]  [ 1228.04023705]
[ 409.093488]  [ 1231.13060288]
[ 409.85537083]  [ 1232.99658135]
[ 410.98000967]  [ 1236.66633862]
[ 411.78018161]  [ 1239.23309432]
[ 412.66403261]  [ 1241.93316615]
[ 414.34552392]  [ 1247.21154895]
[ 414.95260341]  [ 1249.0412323]
[ 415.84229537]  [ 1251.22658768]
[ 416.99156452]  [ 1254.96798305]
[ 417.80892621]  [ 1257.3028725]
[ 418.68966702]  [ 1259.74214473]
[ 420.20512389]  [ 1265.07405556]
[ 421.35308218]  [ 1267.92888618]
[ 421.9984284]  [ 1269.73668331]
[ 422.90762799]  [ 1272.98654602]
[ 423.69859838]  [ 1275.11002819]
[ 424.95196608]  [ 1279.14850976]
[ 425.89197324]  [ 1281.7744916]
[ 427.15788686]  [ 1285.28547246]
[ 428.19281324]  [ 1288.66967151]
[ 429.10368955]  [ 1291.13888178]
[ 430.30881085]  [ 1294.747925]
[ 430.9623705]  [ 1296.95421748]
[ 431.9758188]  [ 1299.91740606]
[ 433.11949298]  [ 1303.45484391]
[ 434.12429347]  [ 1306.34912528]
[ 435.2511108]  [ 1309.73973225]
[ 436.29750647]  [ 1312.82506234]
[ 437.13883569]  [ 1315.50538417]
[ 438.06356455]  [ 1318.33850507]
[ 438.86042203]  [ 1320.65327518]
[ 440.25821869]  [ 1324.60550687]
[ 440.97826171]  [ 1326.95289263]
[ 441.76088133]  [ 1329.11987061]
[ 442.69634693]  [ 1332.13694328]
[ 443.85369823]  [ 1335.45561906]
[ 444.77985678]  [ 1338.2383559]
[ 446.18936768]  [ 1342.73444088]
[ 447.47179858]  [ 1346.56036744]
[ 447.88108834]  [ 1347.41338263]
[ 448.83969027]  [ 1350.73752935]
[ 450.01211189]  [ 1354.37442647]
[ 451.119065]  [ 1357.22530165]
[ 451.92349837]  [ 1359.59012152]
[ 452.96497261]  [ 1363.17954902]
[ 453.90647433]  [ 1365.65438442]
[ 454.74540143]  [ 1368.15536012]
[ 456.16230382]  [ 1372.63988039]
[ 457.31901048]  [ 1375.93340971]
[ 458.01444604]  [ 1377.87073674]
[ 458.95859997]  [ 1380.9078657]
[ 459.88634141]  [ 1383.90605864]
[ 461.13129875]  [ 1387.22873032]
[ 462.09776527]  [ 1390.20236991]
[ 462.95060092]  [ 1393.02666329]
[ 464.09076864]  [ 1396.0491256]
[ 465.26664093]  [ 1399.99777723]
[ 465.81450221]  [ 1401.56422303]
[ 466.70420285]  [ 1404.17943564]
[ 467.85474902]  [ 1407.52168222]
[ 469.19927506]  [ 1411.88879217]
[ 470.11728549]  [ 1414.33750514]
[ 471.03138088]  [ 1417.24174012]
[ 471.72933312]  [ 1419.23688792]
[ 472.82318054]  [ 1422.53710513]
[ 474.07351443]  [ 1426.25981851]
[ 474.62352066]  [ 1427.84133659]
[ 476.19701397]  [ 1432.68849667]
[ 477.35075792]  [ 1436.31519932]
[ 478.37283836]  [ 1439.31811955]
[ 479.08410164]  [ 1441.02058519]
[ 479.91101915]  [ 1443.56826416]
[ 481.07065025]  [ 1447.59440627]
[ 482.25679796]  [ 1450.69816471]
[ 482.95365687]  [ 1453.09207741]
[ 483.88697342]  [ 1455.68463187]
[ 484.80757513]  [ 1458.55500845]
[ 486.1083138]  [ 1462.09235708]
[ 486.55699438]  [ 1463.39355972]
[ 488.06093683]  [ 1468.15226299]
[ 488.75391501]  [ 1470.0918165]
[ 490.10358083]  [ 1474.30219714]
[ 490.97239627]  [ 1476.89509543]
[ 491.86477937]  [ 1479.55843594]
[ 492.72354928]  [ 1482.10646574]
[ 493.81959209]  [ 1485.30125424]
[ 495.07031442]  [ 1489.17619286]
[ 495.6502409]  [ 1491.3711573]
[ 497.04243561]  [ 1495.3978305]
[ 498.06030441]  [ 1498.12389341]
[ 499.1505309]  [ 1501.26311772]
[ 499.78908215]  [ 1503.31083611]
[ 500.89137076]  [ 1506.43289989]
[ 501.98934586]  [ 1510.2052242]
[ 502.84120759]  [ 1512.40615228]
[ 503.79310741]  [ 1515.0634266]
[ 504.92485824]  [ 1518.78173083]
[ 506.04081692]  [ 1521.99292624]
[ 506.94742738]  [ 1524.94430384]
[ 507.90515874]  [ 1528.01160277]
[ 508.66820517]  [ 1530.2126473]
[ 510.01531345]  [ 1534.56676862]
[ 510.84917735]  [ 1536.62136707]
[ 512.1453203]  [ 1540.26077507]
[ 513.0871741]  [ 1543.38786244]
[ 514.14145901]  [ 1546.4735369]
[ 515.30386305]  [ 1549.97528593]
[ 516.34257968]  [ 1553.48701474]
[ 516.82475447]  [ 1554.56913455]
[ 517.52222724]  [ 1556.90635434]
[ 518.7427947]  [ 1560.16784604]
[ 520.14543281]  [ 1564.32229202]
[ 520.85573771]  [ 1566.47701566]
[ 522.08342142]  [ 1570.11117756]
[ 523.14359357]  [ 1572.85648245]
[ 524.02027807]  [ 1576.50866183]
[ 525.0685686]  [ 1579.47521913]
[ 525.97593522]  [ 1581.96705116]
[ 526.81119244]  [ 1584.43061652]
[ 528.43982484]  [ 1589.33673266]
[ 529.09305897]  [ 1591.04959161]
[ 529.6763448]  [ 1593.06339107]
[ 530.91405009]  [ 1596.80801534]
[ 531.84630358]  [ 1599.84572721]
[ 533.43868113]  [ 1604.16413826]
[ 534.01148468]  [ 1606.28554604]
[ 534.76594345]  [ 1608.28156988]
[ 535.56665578]  [ 1610.61044414]
[ 536.72213124]  [ 1614.10299894]
[ 537.9934244]  [ 1618.04817677]
[ 539.39861979]  [ 1622.31778503]
[ 539.67625582]  [ 1623.09493201]
[ 540.85458592]  [ 1626.53684365]
[ 542.01728389]  [ 1629.85092332]
[ 542.75630712]  [ 1632.10882125]
[ 544.04785815]  [ 1635.89198172]
[ 544.92543368]  [ 1638.73225458]
[ 546.14432611]  [ 1642.50300124]
[ 546.96476052]  [ 1644.83831812]
[ 547.86881908]  [ 1647.93806031]
[ 549.27828398]  [ 1652.1072627]
[ 550.24909229]  [ 1654.97092742]
[ 551.4571863]  [ 1658.1214886]
[ 551.67907172]  [ 1659.17627192]
[ 553.17522962]  [ 1663.42872076]
[ 554.00615352]  [ 1666.09267028]
[ 555.47222703]  [ 1670.55725887]
[ 555.90548621]  [ 1671.89327932]
[ 556.99167523]  [ 1674.70185901]
[ 558.0048422]  [ 1677.87835691]
[ 559.0957418]  [ 1681.05844109]
[ 559.74886951]  [ 1683.2245844]
[ 560.60038621]  [ 1685.58626798]
[ 562.31390432]  [ 1690.92919163]
[ 563.37250133]  [ 1694.39565592]
[ 564.0227413]  [ 1696.18802063]
[ 565.15756786]  [ 1699.29526653]
[ 565.7957503]  [ 1701.39320245]
[ 566.88079334]  [ 1704.56952848]
[ 568.00403243]  [ 1708.17705849]
[ 569.31267086]  [ 1711.61647216]
[ 570.10219954]  [ 1714.58140151]
[ 570.76336736]  [ 1716.2911111]
[ 571.70268519]  [ 1719.1057474]
[ 573.00148278]  [ 1723.16045168]
[ 573.93890832]  [ 1725.50673121]
[ 574.74706093]  [ 1728.07774519]
[ 575.99048297]  [ 1731.84564991]
[ 577.24256701]  [ 1735.9150854]
[ 577.58648746]  [ 1736.42683065]
[ 579.03664496]  [ 1741.02307469]
[ 579.84514249]  [ 1743.78523312]
[ 581.12675142]  [ 1747.58306712]
[ 582.08847361]  [ 1750.13300514]
[ 582.69380826]  [ 1751.93417734]
[ 583.77002218]  [ 1755.52761034]
[ 584.99310327]  [ 1758.94463421]
[ 585.56824654]  [ 1760.8691012]
[ 586.87870673]  [ 1764.60184769]
[ 587.87162714]  [ 1767.754302]
[ 589.14333305]  [ 1771.37388195]
[ 590.41187493]  [ 1775.39085907]
[ 591.1001762]  [ 1777.68258964]
[ 592.04787713]  [ 1780.02848552]
[ 592.80222771]  [ 1782.60378664]
[ 593.59996033]  [ 1784.97379207]
[ 595.26654474]  [ 1789.6675273]
[ 595.85130677]  [ 1791.71303338]
[ 596.547574]  [ 1793.59459392]
[ 597.85000412]  [ 1797.46141485]
[ 598.9117253]  [ 1800.84398861]
[ 600.35354224]  [ 1805.03125075]
[ 601.01967637]  [ 1807.33041519]
[ 601.83117063]  [ 1809.71820348]
[ 602.89765068]  [ 1812.70889541]
[ 603.94938918]  [ 1815.92547085]
[ 605.37935989]  [ 1819.92753267]
[ 605.81327992]  [ 1821.36219053]
[ 607.13522936]  [ 1825.41976234]
[ 607.98678115]  [ 1827.83783936]
[ 608.82952483]  [ 1830.65195623]
[ 610.1185841]  [ 1834.90619919]
[ 611.0885688]  [ 1837.08863287]
[ 612.13634017]  [ 1840.59261061]
[ 612.87738751]  [ 1842.85284613]
[ 614.16124113]  [ 1846.70218464]
[ 614.99069381]  [ 1849.09775123]
[ 615.98060947]  [ 1852.19646962]
[ 616.93208636]  [ 1854.9610013]
[ 617.92643858]  [ 1857.95907228]
[ 619.41242979]  [ 1861.83471575]
[ 619.95694981]  [ 1864.05023331]
[ 621.11079385]  [ 1867.28863009]
[ 621.76011794]  [ 1869.36849912]
[ 622.76762516]  [ 1872.17267921]
[ 623.99383665]  [ 1876.02409857]
[ 625.05660564]  [ 1879.2426379]
[ 625.91481213]  [ 1881.59881657]
[ 627.22122038]  [ 1885.48744722]
[ 627.5520844]  [ 1886.57515671]
[ 628.96358634]  [ 1891.15977183]
[ 630.12999322]  [ 1894.64831356]
[ 630.89469854]  [ 1896.30800049]
[ 631.80053846]  [ 1899.38288995]
[ 633.1951891]  [ 1903.34697974]
[ 634.10513749]  [ 1906.0919533]
[ 634.95701177]  [ 1908.88361487]
[ 636.0085203]  [ 1911.70458896]
[ 636.94033243]  [ 1914.90796414]
[ 638.19557386]  [ 1918.49654161]
[ 638.83686299]  [ 1920.85601783]
[ 639.88945396]  [ 1923.36540058]
[ 640.78999868]  [ 1926.28911408]
[ 642.17049173]  [ 1930.65414614]
[ 643.04929201]  [ 1933.2656834]
[ 643.72548791]  [ 1935.33144649]
[ 644.93038205]  [ 1938.38349098]
[ 645.75457077]  [ 1941.35441061]
[ 646.69394677]  [ 1944.34899344]
[ 648.03920852]  [ 1947.95074562]
[ 648.91906229]  [ 1950.69239641]
[ 650.0723971]  [ 1953.95872685]
[ 651.18208643]  [ 1957.65879239]
[ 651.88662449]  [ 1959.78135103]
[ 652.98674655]  [ 1963.33529833]
[ 654.13292285]  [ 1966.46122014]
[ 655.22453679]  [ 1969.4428505]
[ 655.76318295]  [ 1971.32052176]
[ 656.95977025]  [ 1974.81025175]
[ 657.96560801]  [ 1977.89157689]
[ 659.25022384]  [ 1982.13022219]
[ 660.2211496]  [ 1984.27322311]
[ 660.84854776]  [ 1986.85603091]
[ 662.0321312]  [ 1990.26262473]
[ 663.16029833]  [ 1993.44908215]
[ 664.0508233]  [ 1996.35591335]
[ 665.12581411]  [ 1999.27281984]
[ 665.94374093]  [ 2001.77018808]
[ 666.89836657]  [ 2004.76009322]
[ 668.21008341]  [ 2008.84563154]
[ 668.78397403]  [ 2010.39946694]
[ 669.86058891]  [ 2013.35178987]
[ 670.90471131]  [ 2016.89816159]
[ 671.95281587]  [ 2019.82666892]
[ 673.08289446]  [ 2023.44001024]
[ 674.18216948]  [ 2026.6852132]
[ 674.82059914]  [ 2028.60114899]
[ 676.10566832]  [ 2032.15508968]
[ 676.96009013]  [ 2035.28535988]
[ 678.32880218]  [ 2039.10604947]
[ 678.86827751]  [ 2040.62587706]
[ 680.10053197]  [ 2044.00348166]
[ 680.92549811]  [ 2046.75194022]
[ 682.0389524]  [ 2050.14480846]
[ 683.18204743]  [ 2053.5848489]
[ 683.91467097]  [ 2055.68702983]
[ 684.80698329]  [ 2058.28704279]
[ 686.27920557]  [ 2062.40961534]
[ 686.696883]  [ 2064.25231363]
[ 688.26901092]  [ 2068.78443831]
[ 688.96766083]  [ 2070.7256771]
[ 690.03353341]  [ 2073.90366756]
[ 690.6799742]  [ 2076.24430692]
[ 691.68372525]  [ 2079.20807304]
[ 692.97099617]  [ 2082.6797727]
[ 694.47918094]  [ 2087.73798194]
[ 694.52283265]  [ 2087.42422671]
[ 695.96806241]  [ 2092.030423]
[ 696.99326111]  [ 2095.20240244]
[ 697.71977355]  [ 2096.77177121]
[ 698.57558561]  [ 2099.7958271]
[ 700.08398628]  [ 2103.98661339]
[ 701.29295401]  [ 2107.36041168]
[ 702.13845974]  [ 2110.78854578]
[ 703.1734914]  [ 2113.25741869]
[ 704.06647022]  [ 2116.23054516]
[ 704.82918634]  [ 2118.36927941]
[ 705.95714753]  [ 2121.98700475]
[ 707.05847714]  [ 2125.14752458]
[ 708.03990125]  [ 2127.94682492]
[ 708.98220357]  [ 2130.96443926]
[ 709.93829756]  [ 2133.80529123]
[ 710.95920975]  [ 2136.83786755]
[ 712.07623433]  [ 2140.02085074]
[ 713.01128866]  [ 2143.19394181]
[ 714.18346878]  [ 2146.50128998]
[ 714.83455192]  [ 2148.466592]
[ 715.92292007]  [ 2151.74887479]
[ 716.84145958]  [ 2154.85277529]
[ 717.90780071]  [ 2157.8475545]
[ 718.94913764]  [ 2161.1271342]
[ 719.89059061]  [ 2163.65435652]
[ 721.00408913]  [ 2167.00323043]
[ 722.27805553]  [ 2171.03601714]
[ 723.02863374]  [ 2172.9516276]
[ 724.00955596]  [ 2175.86254125]
[ 724.84198032]  [ 2178.75073027]
[ 725.76524034]  [ 2181.34550735]
[ 726.70240742]  [ 2183.81355256]
[ 728.5756358]  [ 2189.58819706]
[ 728.93526625]  [ 2190.72708]
[ 729.99337206]  [ 2193.68283279]
[ 730.95012331]  [ 2196.75061281]
[ 731.7052291]  [ 2198.82117308]
[ 732.84822059]  [ 2202.63081319]
[ 734.05688648]  [ 2206.0721042]
[ 735.17212112]  [ 2209.58045337]
[ 736.13083555]  [ 2212.7474147]
[ 737.04846509]  [ 2215.07934462]
[ 737.95312814]  [ 2217.89738938]
[ 739.21948664]  [ 2221.51505805]
[ 739.68248526]  [ 2222.83621446]
[ 741.11200155]  [ 2227.0290195]
[ 741.79438804]  [ 2229.23417369]
[ 743.12280692]  [ 2233.53442491]
[ 744.06395079]  [ 2236.05971973]
[ 745.07851555]  [ 2239.31148711]
[ 745.9827705]  [ 2241.98138824]
[ 746.89557499]  [ 2244.60917762]
[ 747.90987252]  [ 2247.82883414]
[ 749.1588269]  [ 2251.55652485]
[ 749.9646869]  [ 2254.37722118]
[ 751.16229463]  [ 2257.65659985]
[ 751.80941251]  [ 2259.60750304]
[ 752.9031498]  [ 2262.57079498]
[ 753.74322337]  [ 2265.16367386]
[ 755.12751737]  [ 2269.5269631]
[ 755.9524863]  [ 2271.90546095]
[ 756.51079611]  [ 2273.04835672]
[ 758.07067497]  [ 2278.22824393]
[ 758.81153605]  [ 2280.4730255]
[ 760.11394587]  [ 2284.41320627]
[ 761.07384969]  [ 2287.38962229]
[ 762.0165479]  [ 2289.5038057]
[ 762.94624714]  [ 2293.02385858]
[ 764.0335062]  [ 2296.20993077]
[ 765.06863878]  [ 2299.58404875]
[ 765.80637382]  [ 2301.21928432]
[ 767.10036789]  [ 2305.51542913]
[ 767.96660004]  [ 2307.90989928]
[ 768.94739405]  [ 2310.67549605]
[ 769.81808454]  [ 2313.23124295]
[ 771.16317213]  [ 2317.14100986]
[ 772.0240437]  [ 2320.16950528]
[ 772.73731192]  [ 2322.12928752]
[ 774.34594954]  [ 2326.89035053]
[ 775.10318972]  [ 2329.38413895]
[ 776.01359972]  [ 2332.23271853]
[ 776.84192137]  [ 2334.8151612]
[ 777.85734538]  [ 2337.40567575]
[ 778.77127947]  [ 2340.28455104]
[ 780.03919087]  [ 2344.6266849]
[ 781.08992369]  [ 2347.21543442]
[ 781.81795563]  [ 2349.58479924]
[ 782.989875]  [ 2352.62882847]
[ 784.40675958]  [ 2357.63458658]
[ 784.80760937]  [ 2358.3986302]
[ 785.94179727]  [ 2362.14322966]
[ 787.00936856]  [ 2365.08333925]
[ 787.89401749]  [ 2367.78871468]
[ 789.14764141]  [ 2371.37116681]
[ 789.77475082]  [ 2373.49725682]
[ 791.15055136]  [ 2377.96195523]
[ 792.0461887]  [ 2379.94929321]
[ 793.00004674]  [ 2383.25037611]
[ 793.84237542]  [ 2386.12528403]
[ 795.34991293]  [ 2389.96708174]
[ 796.1311237]  [ 2391.95165122]
[ 796.90437554]  [ 2394.47554802]
[ 798.07659719]  [ 2397.9620322]
[ 798.97064699]  [ 2400.85985597]
[ 800.08555483]  [ 2404.43165511]
[ 800.91128732]  [ 2406.84418922]
[ 802.17629287]  [ 2410.85755809]
[ 802.8416643]  [ 2412.58975058]
[ 803.85969201]  [ 2415.50011842]
[ 805.0950384]  [ 2419.11173452]
[ 805.7989346]  [ 2421.51938101]
[ 806.76551467]  [ 2424.81905602]
[ 808.01478132]  [ 2428.15376359]
[ 808.9932599]  [ 2430.77604341]
[ 809.85551185]  [ 2433.6733326]
[ 811.13690803]  [ 2437.63361618]
[ 812.04447467]  [ 2440.34713112]
[ 812.97151361]  [ 2442.64055979]
[ 814.29336152]  [ 2446.88864395]
[ 814.90291483]  [ 2448.63810681]
[ 816.05727976]  [ 2451.94318475]
[ 817.03399943]  [ 2454.55503504]
[ 817.84222154]  [ 2457.46301077]
[ 818.74148649]  [ 2460.08589818]
[ 819.69573992]  [ 2463.22523548]
[ 820.64424981]  [ 2465.75710811]
[ 822.16423698]  [ 2470.5840848]
[ 822.8519231]  [ 2472.70401071]
[ 823.59518208]  [ 2474.46099886]
[ 824.64341992]  [ 2478.04048867]
[ 826.12974327]  [ 2482.5434635]
[ 826.87679592]  [ 2484.37991089]
[ 827.9021692]  [ 2487.70288727]
[ 828.82706813]  [ 2490.52770147]
[ 830.31239344]  [ 2494.78855083]
[ 831.23439708]  [ 2497.38640313]
[ 832.06839558]  [ 2500.36414399]
[ 833.15490331]  [ 2503.67204489]
[ 834.05921579]  [ 2506.79531021]
[ 835.19887411]  [ 2509.50125252]
[ 835.93139666]  [ 2511.73569973]
[ 836.70403926]  [ 2513.68264595]
[ 838.1071764]  [ 2518.01292528]
[ 838.89617851]  [ 2520.73832309]
[ 839.83859636]  [ 2523.51407314]
[ 840.78401674]  [ 2525.81691181]
[ 842.03493212]  [ 2530.12626534]
[ 842.88248677]  [ 2532.62752647]
[ 843.75472377]  [ 2535.06073139]
[ 844.87560676]  [ 2538.61749229]
[ 845.85862236]  [ 2541.60549932]
[ 846.97698201]  [ 2544.71580095]
[ 847.99096014]  [ 2547.66818075]
[ 848.95845848]  [ 2550.67640843]
[ 849.67048338]  [ 2553.44721521]
[ 851.03069776]  [ 2556.90881505]
[ 852.36317271]  [ 2561.21915319]
[ 852.91888646]  [ 2562.83349718]
[ 854.08627942]  [ 2566.28644324]
[ 854.83714817]  [ 2568.44129786]
[ 855.99866211]  [ 2572.07775741]
[ 856.97587677]  [ 2574.95350131]
[ 857.91713471]  [ 2577.99020645]
[ 858.96100451]  [ 2581.06201168]
[ 859.96205809]  [ 2583.87540754]
[ 861.21611909]  [ 2587.57961021]
[ 861.83973741]  [ 2589.88992936]
[ 862.8707416]  [ 2592.60369544]
[ 864.12660261]  [ 2596.29425685]
[ 865.08062471]  [ 2599.34969584]
[ 866.09093069]  [ 2602.15510715]
[ 867.0244067]  [ 2604.92177738]
[ 867.94411648]  [ 2607.65551975]
[ 869.05365666]  [ 2610.73092909]
[ 870.2656365]  [ 2614.99468799]
[ 871.05438324]  [ 2617.07856847]
[ 872.17941164]  [ 2620.34083452]
[ 873.18933267]  [ 2623.37930968]
[ 874.24567787]  [ 2627.04211494]
[ 875.03097527]  [ 2628.95885442]
[ 876.26586347]  [ 2632.87371162]
[ 877.03110314]  [ 2635.09836788]
[ 877.9769476]  [ 2638.1449846]
[ 879.047437]  [ 2641.14606735]
[ 880.21968576]  [ 2644.35639974]
[ 880.87106363]  [ 2647.00746575]
[ 881.91532651]  [ 2649.84323567]
[ 883.05224948]  [ 2653.3688438]
[ 883.44756856]  [ 2654.55429433]
[ 885.43099942]  [ 2660.39323378]
[ 886.23879653]  [ 2662.8949473]
[ 886.89827635]  [ 2664.74451284]
[ 887.87579239]  [ 2667.58598059]
[ 889.02044301]  [ 2671.15164475]
[ 889.62274069]  [ 2673.0608869]
[ 890.78677069]  [ 2675.96005075]
[ 891.85242807]  [ 2679.95832364]
[ 893.02773134]  [ 2683.18889987]
[ 894.17886334]  [ 2686.33910095]
[ 894.90454917]  [ 2688.61423949]
[ 895.80005028]  [ 2691.45654145]
[ 897.22852307]  [ 2695.80309951]
[ 897.98428753]  [ 2697.86010674]
[ 899.1165414]  [ 2701.20149842]
[ 900.04674746]  [ 2703.89200548]
[ 901.05711155]  [ 2707.11902626]
[ 902.14879782]  [ 2710.4686503]
[ 903.0415093]  [ 2712.99119558]
[ 904.00051864]  [ 2715.84664638]
[ 905.09538034]  [ 2719.41218657]
[ 906.05762545]  [ 2722.01353813]
[ 907.0696744]  [ 2725.12159698]
[ 907.98822834]  [ 2728.07406961]
[ 908.83662205]  [ 2730.56807169]
[ 910.06730333]  [ 2734.02906978]
[ 910.56642002]  [ 2735.93893259]
[ 912.06667802]  [ 2740.21396781]
[ 913.15259848]  [ 2743.38542252]
[ 913.99831904]  [ 2745.81504485]
[ 915.08077055]  [ 2749.39611297]
[ 916.18928518]  [ 2752.79996645]
[ 917.11074182]  [ 2755.40427363]
[ 918.25572781]  [ 2758.67660329]
[ 918.91927747]  [ 2760.95278093]
[ 919.93529823]  [ 2763.76975997]
[ 921.10462702]  [ 2767.39597521]
[ 921.86021463]  [ 2769.75175273]
[ 923.02064028]  [ 2773.31589677]
[ 923.85160114]  [ 2775.50647563]
[ 925.0004526]  [ 2778.91469038]
[ 926.11937126]  [ 2782.29219018]
[ 927.11599656]  [ 2785.17521454]
[ 928.12774205]  [ 2788.44474867]
[ 929.06598912]  [ 2791.13377036]
[ 930.28771121]  [ 2794.69996639]
[ 930.99294282]  [ 2796.75037399]
[ 931.97304214]  [ 2799.81595951]
[ 932.65578446]  [ 2801.92162842]
[ 933.80038747]  [ 2805.45250485]
[ 935.13337562]  [ 2809.23732555]
[ 935.9832169]  [ 2811.9193964]
[ 937.31987472]  [ 2815.88159009]
[ 937.68831666]  [ 2817.17969077]
[ 939.23864563]  [ 2821.85759173]
[ 940.23483442]  [ 2824.53491489]
[ 940.68399593]  [ 2826.29621739]
[ 942.20211619]  [ 2830.55533406]
[ 943.22191325]  [ 2833.9045095]
[ 943.97023701]  [ 2836.12795543]
[ 944.98829984]  [ 2839.01595724]
[ 946.11474188]  [ 2842.80031095]
[ 946.80789888]  [ 2844.61166222]
[ 948.22495888]  [ 2848.43293922]
[ 949.12129383]  [ 2851.39760586]
[ 950.0224845]  [ 2854.07019911]
[ 951.01614531]  [ 2856.98354754]
[ 952.10587564]  [ 2860.47495821]
[ 952.7664827]  [ 2862.32392647]
[ 954.08883603]  [ 2866.4427833]
[ 955.29189892]  [ 2869.65241927]
[ 956.3461594]  [ 2873.01487761]
[ 956.84604528]  [ 2874.69946651]
[ 958.29230091]  [ 2878.79502991]
[ 959.00788504]  [ 2880.73614857]
[ 960.16218574]  [ 2884.79223274]
[ 960.53390164]  [ 2885.63462655]
[ 962.13764062]  [ 2890.52664351]
[ 963.0461561]  [ 2893.17460925]
[ 964.06358338]  [ 2896.43911511]
[ 965.06549649]  [ 2899.5274416]
[ 965.75722697]  [ 2901.08909725]
[ 967.33238768]  [ 2905.74987697]
[ 968.10027999]  [ 2908.48155825]
[ 968.89905536]  [ 2910.91879659]
[ 969.82617569]  [ 2913.46951642]
[ 971.03522156]  [ 2917.09623969]
[ 972.52849923]  [ 2921.96005081]
[ 972.91505698]  [ 2922.44045599]
[ 974.23259933]  [ 2926.64070728]
[ 975.48846211]  [ 2930.51313388]
[ 976.07441105]  [ 2932.07626461]
[ 976.87350162]  [ 2934.70553686]
[ 978.51516146]  [ 2939.73246816]
[ 978.82326786]  [ 2940.6031084]
[ 979.81278746]  [ 2943.40060569]
[ 980.66954715]  [ 2945.90028161]
[ 981.97683583]  [ 2949.88354789]
[ 982.69927235]  [ 2952.07513148]
[ 984.281639]  [ 2957.13638367]
[ 985.0542326]  [ 2958.88119143]
[ 986.13834561]  [ 2962.48081401]
[ 986.85462946]  [ 2964.72166935]
[ 987.72219227]  [ 2967.26083793]
[ 988.88760231]  [ 2970.81940745]
[ 989.88196778]  [ 2973.69197377]
[ 991.16464709]  [ 2977.46137879]
[ 992.01696619]  [ 2980.43362092]
[ 993.30137441]  [ 2984.0766164]
[ 993.75282802]  [ 2985.31252567]
[ 994.97669332]  [ 2989.03259406]
[ 995.97638326]  [ 2991.76634589]
[ 996.80812759]  [ 2994.25368201]
[ 998.09015378]  [ 2998.38640027]
[ 998.67820658]  [ 3000.16541869]
[ 0.6093895]  [ 5.84360495]
[ 1.87261698]  [ 9.61386362]
[ 3.02938638]  [ 13.2526009]
[ 4.0079314]  [ 16.11528731]
[ 4.64947872]  [ 17.81285113]
[ 5.82292507]  [ 21.60426505]
[ 6.70756638]  [ 24.30447525]
[ 7.65290718]  [ 27.26466791]
[ 8.79254875]  [ 30.33243423]
[ 9.74441333]  [ 33.00477349]
[ 11.00099778]  [ 36.82261925]
[ 12.31310119]  [ 40.63842937]
[ 13.01473426]  [ 42.89088614]
[ 13.73653154]  [ 44.94026757]
[ 15.17259818]  [ 49.76726387]
[ 15.94000995]  [ 51.55581015]
[ 17.06721527]  [ 55.01117551]
[ 17.94962447]  [ 58.01830458]
[ 19.51704476]  [ 62.54672281]
[ 19.89916704]  [ 63.6752125]
[ 20.78963426]  [ 66.47071577]
[ 22.31943996]  [ 70.86321019]
[ 22.85643879]  [ 72.59198167]
[ 23.87106895]  [ 75.62969034]
[ 25.25721439]  [ 79.92437808]
[ 26.35392981]  [ 83.17143433]
[ 26.86823579]  [ 84.55004425]
[ 28.12133215]  [ 88.35730695]
[ 29.24750531]  [ 91.74923682]
[ 30.11677807]  [ 94.41540237]
[ 30.8466688]  [ 96.51148226]
[ 31.67366645]  [ 98.92174813]
[ 32.61962735]  [ 101.95099393]
[ 33.96102637]  [ 106.03140535]
[ 35.00889132]  [ 109.41007641]
[ 36.14321342]  [ 112.49829784]
[ 36.95088854]  [ 114.72687799]
[ 38.02494301]  [ 118.02993545]
[ 39.06009384]  [ 120.60941247]
[ 39.76747632]  [ 123.44779105]
[ 40.96890173]  [ 126.72497721]
[ 42.1168195]  [ 130.31403664]
[ 42.71141366]  [ 132.07911077]
[ 43.8702556]  [ 135.54542228]
[ 44.99167543]  [ 138.90732516]
[ 45.90972806]  [ 141.97894979]
[ 47.350795]  [ 145.92841961]
[ 48.23335053]  [ 148.26050389]
[ 49.24406578]  [ 151.53831183]
[ 49.83223155]  [ 153.53671871]
[ 50.80378941]  [ 156.15465244]
[ 52.03427816]  [ 160.38080061]
[ 52.82388558]  [ 162.45858875]
[ 54.06369687]  [ 166.21039095]
[ 54.65135498]  [ 167.54830617]
[ 55.9863262]  [ 171.92323039]
[ 56.84390186]  [ 174.54246498]
[ 58.27642319]  [ 178.94449106]
[ 59.30805607]  [ 182.0370699]
[ 59.84600805]  [ 183.19695262]
[ 60.79953618]  [ 186.30523491]
[ 62.08396413]  [ 190.2652162]
[ 63.07341749]  [ 193.08241947]
[ 64.38536367]  [ 197.2600708]
[ 65.21065979]  [ 199.75574363]
[ 66.10542185]  [ 202.02462902]
[ 66.97022487]  [ 204.87051824]
[ 67.93849678]  [ 208.01488746]
[ 68.94030166]  [ 210.65280888]
[ 70.28611015]  [ 214.75422743]
[ 71.08665136]  [ 217.19904784]
[ 72.45835443]  [ 221.46787678]
[ 73.22024666]  [ 223.83282007]
[ 73.99897506]  [ 226.12979049]
[ 75.03536346]  [ 229.03646885]
[ 76.21977125]  [ 232.89302939]
[ 76.7671557]  [ 234.15876769]
[ 78.08276095]  [ 238.14964637]
[ 79.20045739]  [ 241.73659582]
[ 80.19181564]  [ 244.57319528]
[ 81.04596771]  [ 247.0315822]
[ 81.78322745]  [ 249.14539183]
[ 82.93736666]  [ 252.51993868]
[ 84.02359841]  [ 256.06624788]
[ 85.30617263]  [ 259.83906664]
[ 86.09979662]  [ 261.9901387]
[ 87.37548362]  [ 266.01394052]
[ 87.7413258]  [ 267.22512585]
[ 88.74275179]  [ 270.93702889]
[ 89.66454249]  [ 272.87658074]
[ 90.79079781]  [ 276.23440433]
[ 92.0211333]  [ 280.54501557]
[ 93.19191665]  [ 283.63758559]
[ 94.17526253]  [ 286.44621739]
[ 95.00897929]  [ 289.79144547]
[ 96.08237024]  [ 292.5383488]
[ 97.07786045]  [ 295.62521563]
[ 98.16017666]  [ 298.96939471]
[ 98.90649996]  [ 300.40256199]
[ 100.05246023]  [ 304.00562839]
[ 101.15272996]  [ 307.66801162]
[ 101.76563365]  [ 308.99126411]
[ 102.94946769]  [ 313.1178247]
[ 103.75959761]  [ 315.20583056]
[ 104.94524614]  [ 318.7074091]
[ 106.18813169]  [ 322.56530865]
[ 107.3782626]  [ 326.13774591]
[ 108.13322889]  [ 328.40361018]
[ 109.06902558]  [ 331.4523546]
[ 109.75206597]  [ 333.55081105]
[ 111.25617215]  [ 337.59103897]
[ 112.03699117]  [ 340.04162598]
[ 113.16207943]  [ 343.39567459]
[ 114.06554704]  [ 346.51942511]
[ 115.11979401]  [ 349.64742236]
[ 116.27633189]  [ 353.08395942]
[ 117.11757359]  [ 354.99465076]
[ 118.1497237]  [ 358.41490713]
[ 119.33190312]  [ 362.37009274]
[ 120.12009078]  [ 364.33854196]
[ 121.15902845]  [ 367.7554397]
[ 122.34988409]  [ 371.09596854]
[ 122.91747646]  [ 372.71074805]
[ 124.02824104]  [ 376.04301912]
[ 124.76469296]  [ 378.32595519]
[ 125.65209368]  [ 381.04662931]
[ 127.11027644]  [ 385.21623109]
[ 128.19301253]  [ 388.46686052]
[ 128.98660402]  [ 390.66159073]
[ 130.33140357]  [ 395.17110355]
[ 131.33035829]  [ 398.42997409]
[ 131.92276165]  [ 399.94675686]
[ 132.82430972]  [ 402.33582112]
[ 133.98647515]  [ 406.00627832]
[ 135.19897638]  [ 409.79355479]
[ 136.40679717]  [ 413.33920711]
[ 137.22421587]  [ 415.47604105]
[ 138.18230173]  [ 418.62426927]
[ 139.14431441]  [ 421.32852454]
[ 140.06600209]  [ 424.03278333]
[ 140.84734696]  [ 426.51547495]
[ 142.06175027]  [ 430.24127756]
[ 142.78940248]  [ 432.47317814]
[ 144.28351807]  [ 436.78556846]
[ 144.98601419]  [ 438.94581686]
[ 145.65301079]  [ 441.06160549]
[ 146.75394713]  [ 444.53941982]
[ 147.80477067]  [ 447.25545365]
[ 149.14285727]  [ 451.50570855]
[ 149.72997933]  [ 453.22752727]
[ 151.19600267]  [ 457.61646891]
[ 151.83397033]  [ 459.6472334]
[ 153.20532765]  [ 463.73479122]
[ 153.64808333]  [ 465.08485928]
[ 155.22857315]  [ 469.60798066]
[ 155.88522581]  [ 471.39258879]
[ 157.03954848]  [ 475.01469394]
[ 157.96711373]  [ 477.9364049]
[ 159.16271525]  [ 481.26197258]
[ 159.51965771]  [ 482.61553562]
[ 161.15985131]  [ 487.56928281]
[ 161.73701075]  [ 489.1664951]
[ 163.01613881]  [ 492.74703182]
[ 164.01854326]  [ 495.98278825]
[ 165.22060604]  [ 499.6896932]
[ 165.90800789]  [ 501.98485762]
[ 167.01175808]  [ 505.39101708]
[ 167.8710689]  [ 507.80920543]
[ 168.82600709]  [ 510.38279572]
[ 169.69683759]  [ 513.32234163]
[ 171.01472729]  [ 516.80086723]
[ 172.376083]  [ 521.28703113]
[ 173.01195051]  [ 522.9119534]
[ 173.88758226]  [ 525.57521099]
[ 174.94404062]  [ 529.04141108]
[ 175.99625485]  [ 532.10475235]
[ 177.32903111]  [ 536.06628912]
[ 178.15146763]  [ 538.51257213]
[ 178.88797422]  [ 540.65581972]
[ 180.10778489]  [ 544.15347177]
[ 181.09261622]  [ 547.13049601]
[ 182.30179706]  [ 551.07017186]
[ 182.92090737]  [ 553.00772998]
[ 183.65575993]  [ 554.85858978]
[ 184.98412469]  [ 558.99638311]
[ 185.7439188]  [ 561.07324863]
[ 186.88853185]  [ 564.67662709]
[ 187.98544514]  [ 567.93555461]
[ 189.10491871]  [ 571.07666748]
[ 190.14782513]  [ 574.20417249]
[ 191.30348686]  [ 577.89765037]
[ 192.12495891]  [ 580.28385994]
[ 193.32575936]  [ 583.84177884]
[ 193.75554129]  [ 584.93990087]
[ 195.10476554]  [ 589.47504197]
[ 196.13129099]  [ 592.45597044]
[ 196.89819165]  [ 594.75415661]
[ 197.95689187]  [ 597.80986181]
[ 198.79214336]  [ 600.2165999]
[ 199.91720997]  [ 604.02044635]
[ 201.09610398]  [ 607.32011448]
[ 201.6596945]  [ 608.80193171]
[ 203.25345262]  [ 613.88524312]
[ 203.81734606]  [ 615.7250177]
[ 204.85270252]  [ 618.87428469]
[ 206.2542421]  [ 623.0354355]
[ 207.07868004]  [ 625.12046484]
[ 207.93208309]  [ 627.93492896]
[ 209.51687068]  [ 632.71001783]
[ 210.12321448]  [ 634.62668056]
[ 211.01545761]  [ 637.09716943]
[ 211.77905799]  [ 639.69736792]
[ 213.09784431]  [ 643.59883361]
[ 213.86764997]  [ 645.6575571]
[ 215.2345399]  [ 649.90759879]
[ 216.20006902]  [ 652.46442615]
[ 216.78117744]  [ 654.56178135]
[ 217.89839652]  [ 657.65252178]
[ 218.98141209]  [ 660.85808338]
[ 219.93287225]  [ 664.1835393]
[ 221.0591758]  [ 666.8878334]
[ 221.7716442]  [ 669.0800556]
[ 222.90009405]  [ 672.55165318]
[ 223.9672651]  [ 676.25525543]
[ 225.11110235]  [ 679.40231906]
[ 225.72715792]  [ 681.1188209]
[ 226.99378174]  [ 685.08556953]
[ 228.01926932]  [ 688.09156274]
[ 229.02981572]  [ 691.21466431]
[ 229.92496135]  [ 693.72364893]
[ 230.92358208]  [ 696.72308846]
[ 232.07302843]  [ 699.94281477]
[ 233.18831053]  [ 703.5931979]
[ 234.21831449]  [ 706.85737827]
[ 235.16202519]  [ 709.51523838]
[ 236.38110693]  [ 713.44973989]
[ 236.77661814]  [ 714.54994751]
[ 238.09205064]  [ 718.23307419]
[ 239.19548947]  [ 721.63028115]
[ 239.90464769]  [ 723.86225149]
[ 241.00342202]  [ 727.26416495]
[ 241.7546757]  [ 729.45136896]
[ 243.30295855]  [ 734.00266266]
[ 243.9903519]  [ 736.39278153]
[ 245.1981612]  [ 739.80824351]
[ 245.84797051]  [ 741.77700137]
[ 246.77326807]  [ 744.33238022]
[ 248.11303171]  [ 748.38742774]
[ 249.10153524]  [ 751.44043893]
[ 249.8046808]  [ 753.57336402]
[ 250.84665951]  [ 756.33684763]
[ 252.27056858]  [ 760.73006528]
[ 252.85816865]  [ 762.46533128]
[ 253.89016877]  [ 765.83947133]
[ 254.92254973]  [ 768.82762109]
[ 255.79580887]  [ 771.29956768]
[ 256.94186046]  [ 774.83356965]
[ 258.31722069]  [ 778.97028722]
[ 258.94713045]  [ 781.00138762]
[ 259.93406161]  [ 784.13399311]
[ 260.89129263]  [ 786.53647788]
[ 262.02574504]  [ 790.0607757]
[ 262.79618074]  [ 792.29398437]
[ 263.86344834]  [ 795.65277187]
[ 264.77716098]  [ 798.59877942]
[ 265.92985717]  [ 802.20521206]
[ 267.07359121]  [ 804.91955827]
[ 268.05928292]  [ 808.3008912]
[ 268.89559214]  [ 810.30294702]
[ 270.27707997]  [ 814.94575129]
[ 271.00624984]  [ 816.88996527]
[ 272.08722461]  [ 820.69053394]
[ 273.0277494]  [ 823.40696743]
[ 274.21880507]  [ 826.81122959]
[ 275.15846626]  [ 829.49608652]
[ 275.72256656]  [ 831.38892266]
[ 277.17230398]  [ 835.11382478]
[ 277.68027708]  [ 837.42459212]
[ 278.88571065]  [ 840.84256612]
[ 280.24257504]  [ 844.34108131]
[ 281.00295465]  [ 847.14610083]
[ 281.88148729]  [ 849.36897681]
[ 283.3747407]  [ 854.08638416]
[ 284.04945448]  [ 855.68571257]
[ 285.01290035]  [ 859.04777315]
[ 286.31716347]  [ 863.27719962]
[ 287.31970648]  [ 865.6557859]
[ 287.82866652]  [ 867.55723145]
[ 289.24591379]  [ 871.91482795]
[ 290.17383344]  [ 874.61003863]
[ 291.05417731]  [ 877.36204456]
[ 291.75757504]  [ 879.36107622]
[ 292.78268882]  [ 882.25247994]
[ 293.91392149]  [ 885.74286598]
[ 294.57273769]  [ 887.24502503]
[ 296.1210411]  [ 892.21456471]
[ 296.91231634]  [ 894.96201572]
[ 298.11416247]  [ 898.55237419]
[ 299.30459038]  [ 901.93213702]
[ 300.03005964]  [ 904.10849213]
[ 301.07711694]  [ 907.11197241]
[ 302.15828554]  [ 910.19865271]
[ 302.46838759]  [ 911.5975317]
[ 304.08080373]  [ 915.99290818]
[ 305.05801888]  [ 919.30665741]
[ 306.33219149]  [ 923.25611907]
[ 306.90438555]  [ 924.34226576]
[ 307.67888023]  [ 927.17791972]
[ 309.07233134]  [ 931.0008037]
[ 310.22351918]  [ 934.64702182]
[ 310.97939356]  [ 936.73029501]
[ 312.27406816]  [ 940.796345]
[ 312.95360339]  [ 942.93727594]
[ 314.22017146]  [ 946.52262661]
[ 315.49173913]  [ 950.40869636]
[ 316.27116818]  [ 952.71810216]
[ 317.41128807]  [ 956.07361641]
[ 318.08648287]  [ 958.24839262]
[ 318.85317767]  [ 960.75893872]
[ 319.89250728]  [ 963.34541345]
[ 320.86725353]  [ 966.58210475]
[ 321.65265114]  [ 969.02124472]
[ 323.30582484]  [ 974.15163291]
[ 324.24979702]  [ 976.8519538]
[ 324.91596931]  [ 979.05316284]
[ 325.97212734]  [ 981.80899197]
[ 326.42157736]  [ 983.28591453]
[ 328.03165199]  [ 988.151955]
[ 329.35677987]  [ 991.84418405]
[ 329.87270008]  [ 993.73992708]
[ 331.1130135]  [ 997.29786224]
[ 331.60293943]  [ 998.90384168]
[ 332.96861596]  [ 1002.93198365]
[ 334.06876614]  [ 1005.86782144]
[ 335.20890053]  [ 1009.7751139]
[ 336.07373056]  [ 1012.25891878]
[ 336.79184926]  [ 1013.9379517]
[ 338.38570893]  [ 1019.34452967]
[ 338.78920808]  [ 1020.31667688]
[ 339.99642158]  [ 1024.22418044]
[ 340.81364126]  [ 1026.04874168]
[ 341.98976502]  [ 1029.99506311]
[ 343.02330217]  [ 1032.967136]
[ 343.84746087]  [ 1035.44237418]
[ 345.20908575]  [ 1039.17979977]
[ 346.04369255]  [ 1042.13837857]
[ 347.05647518]  [ 1045.07350489]
[ 347.91314512]  [ 1047.88004789]
[ 348.90415897]  [ 1050.7468406]
[ 350.42537714]  [ 1055.41411564]
[ 351.20781128]  [ 1057.53054614]
[ 351.60644549]  [ 1058.89638527]
[ 353.35943676]  [ 1063.88657311]
[ 353.81947944]  [ 1065.28460493]
[ 354.94641378]  [ 1069.23025395]
[ 356.09812813]  [ 1072.29285484]
[ 357.16860156]  [ 1075.51879301]
[ 357.81985158]  [ 1077.60965802]
[ 359.09859202]  [ 1080.86336946]
[ 360.04049961]  [ 1084.52181372]
[ 361.12437182]  [ 1087.35016484]
[ 361.84941336]  [ 1089.7030347]
[ 362.95706614]  [ 1093.27493516]
[ 363.60029072]  [ 1094.92574553]
[ 365.16433578]  [ 1099.48510481]
[ 365.72682152]  [ 1101.24634219]
[ 366.89390198]  [ 1104.66786941]
[ 368.08856564]  [ 1108.23337747]
[ 368.8496705]  [ 1110.84643649]
[ 369.92906961]  [ 1113.91339247]
[ 371.28390055]  [ 1117.8376527]
[ 372.18741566]  [ 1120.44090344]
[ 372.89463972]  [ 1122.48662852]
[ 374.07095217]  [ 1125.81327708]
[ 374.88964759]  [ 1128.83258251]
[ 376.11813606]  [ 1132.16597912]
[ 376.81365742]  [ 1134.44394095]
[ 378.08476874]  [ 1138.17394254]
[ 378.91873344]  [ 1140.65134135]
[ 380.13508069]  [ 1143.98107337]
[ 381.01979745]  [ 1147.09878208]
[ 381.65518759]  [ 1149.22114062]
[ 383.13035427]  [ 1153.40170753]
[ 383.82900647]  [ 1155.58067477]
[ 384.84163384]  [ 1158.51300235]
[ 386.13911333]  [ 1162.50676831]
[ 386.79011608]  [ 1164.64346939]
[ 388.22345989]  [ 1168.50798348]
[ 388.98064692]  [ 1171.20080124]
[ 390.26023766]  [ 1174.90388199]
[ 391.15604775]  [ 1177.17000951]
[ 391.86768063]  [ 1179.61141998]
[ 393.21117915]  [ 1183.45941902]
[ 393.83511161]  [ 1185.53234028]
[ 394.81988998]  [ 1188.51755842]
[ 396.06254176]  [ 1191.98574416]
[ 396.92202116]  [ 1194.82994961]
[ 397.65139394]  [ 1197.0146651]
[ 398.94623005]  [ 1201.09455516]
[ 400.05290578]  [ 1203.73878388]
[ 401.17052119]  [ 1207.58661848]
[ 402.05960122]  [ 1210.6866768]
[ 402.7412435]  [ 1211.98227018]
[ 403.9002735]  [ 1215.84715931]
[ 405.00520866]  [ 1218.93415395]
[ 406.09787396]  [ 1222.28680047]
[ 407.36502824]  [ 1226.22720658]
[ 407.98913505]  [ 1227.90888432]
[ 408.92120661]  [ 1231.1061362]
[ 410.44113221]  [ 1234.90586817]
[ 410.82585816]  [ 1236.45735085]
[ 412.00184711]  [ 1239.97492396]
[ 413.24357832]  [ 1243.6365551]
[ 414.13785375]  [ 1245.98420457]
[ 414.54703457]  [ 1247.41941771]
[ 415.88912305]  [ 1251.62022993]
[ 416.86691233]  [ 1254.30917588]
[ 417.71215333]  [ 1257.31169976]
[ 418.93465514]  [ 1260.68135388]
[ 420.04148025]  [ 1263.79580599]
[ 420.95578027]  [ 1266.88183353]
[ 421.59130328]  [ 1268.77982083]
[ 423.00566716]  [ 1272.88869095]
[ 424.07709848]  [ 1276.20788655]
[ 424.87740185]  [ 1278.44874247]
[ 426.04773424]  [ 1281.99286809]
[ 427.19113179]  [ 1285.39582803]
[ 427.91007316]  [ 1287.61737648]
[ 429.17104132]  [ 1291.46156528]
[ 429.99431574]  [ 1293.91334923]
[ 430.7668367]  [ 1296.42217836]
[ 431.79397154]  [ 1299.25007407]
[ 432.8597598]  [ 1302.94660243]
[ 433.70082348]  [ 1304.96565467]
[ 435.21421312]  [ 1309.60682958]
[ 436.28598984]  [ 1312.56379316]
[ 437.03028822]  [ 1315.20981752]
[ 438.19827034]  [ 1318.55902344]
[ 439.04234239]  [ 1320.85184895]
[ 440.14030323]  [ 1324.29587294]
[ 441.04708879]  [ 1326.92731865]
[ 442.22290474]  [ 1330.32768144]
[ 443.50670166]  [ 1334.48185098]
[ 444.06729464]  [ 1336.22764074]
[ 444.9508806]  [ 1338.7367743]
[ 445.96197609]  [ 1341.90566408]
[ 446.85935675]  [ 1344.29841404]
[ 448.23943128]  [ 1348.47170623]
[ 448.95151694]  [ 1351.03884823]
[ 449.93564362]  [ 1353.92106021]
[ 450.78350929]  [ 1356.46363305]
[ 452.03322238]  [ 1360.03619629]
[ 452.85388162]  [ 1362.37186955]
[ 454.39374145]  [ 1367.09916877]
[ 454.9977542]  [ 1369.04853897]
[ 455.48594692]  [ 1370.62025308]
[ 456.92854599]  [ 1374.78552307]
[ 458.28046025]  [ 1378.75068085]
[ 459.09646991]  [ 1381.03552127]
[ 460.22266404]  [ 1384.32349748]
[ 460.61220525]  [ 1386.17758529]
[ 462.28061325]  [ 1390.72860027]
[ 462.9900245]  [ 1393.02042023]
[ 464.06766218]  [ 1396.36158752]
[ 464.81676048]  [ 1398.67136702]
[ 466.2852207]  [ 1402.8870234]
[ 467.26594343]  [ 1405.86147879]
[ 467.94200387]  [ 1407.77498156]
[ 469.31867985]  [ 1411.88099642]
[ 469.93840479]  [ 1414.1000834]
[ 471.04215882]  [ 1417.15448071]
[ 471.99949845]  [ 1420.16373399]
[ 472.87147403]  [ 1422.34398238]
[ 474.06581248]  [ 1426.13262876]
[ 474.92372359]  [ 1429.15973638]
[ 475.84083295]  [ 1431.89222819]
[ 476.88000729]  [ 1434.6684877]
[ 477.99797804]  [ 1438.11418409]
[ 479.26124842]  [ 1441.5915128]
[ 480.09182799]  [ 1444.35630491]
[ 481.02375676]  [ 1446.72543268]
[ 482.31680213]  [ 1450.64206191]
[ 483.14033925]  [ 1453.17966526]
[ 483.96389853]  [ 1455.72888397]
[ 484.85226759]  [ 1458.7348442]
[ 486.1571192]  [ 1462.22313464]
[ 487.04893872]  [ 1465.35835432]
[ 488.09267407]  [ 1468.2828485]
[ 489.20980456]  [ 1471.8788163]
[ 490.06765119]  [ 1474.39219095]
[ 491.12050855]  [ 1477.26709186]
[ 492.0655932]  [ 1479.86862282]
[ 492.82536391]  [ 1482.39982924]
[ 493.80687818]  [ 1485.45545737]
[ 494.6271523]  [ 1487.80065738]
[ 495.85334754]  [ 1491.71940504]
[ 496.98211604]  [ 1495.12929088]
[ 497.75788538]  [ 1497.61634345]
[ 498.89647467]  [ 1500.94346014]
[ 499.9136431]  [ 1503.46662995]
[ 500.71026631]  [ 1505.96909665]
[ 502.02955241]  [ 1510.64841253]
[ 502.85403634]  [ 1512.73840591]
[ 503.96405323]  [ 1515.63134144]
[ 505.18076427]  [ 1519.34699655]
[ 505.95792919]  [ 1522.00037905]
[ 506.90071911]  [ 1524.56730447]
[ 508.63167842]  [ 1530.2219857]
[ 509.1468316]  [ 1531.10036031]
[ 509.84626437]  [ 1533.55446489]
[ 511.17303415]  [ 1537.50055788]
[ 512.22250811]  [ 1540.64350547]
[ 513.16875459]  [ 1543.70045919]
[ 514.3337337]  [ 1546.90836869]
[ 515.5655509]  [ 1550.72461483]
[ 515.79401105]  [ 1551.47928364]
[ 517.04685785]  [ 1555.19129801]
[ 517.90887668]  [ 1557.44269762]
[ 519.02169628]  [ 1561.54593177]
[ 520.17517202]  [ 1564.42353993]
[ 520.93673935]  [ 1566.92202644]
[ 521.72375413]  [ 1569.46998296]
[ 523.02083169]  [ 1573.20756409]
[ 523.92850737]  [ 1575.49317209]
[ 524.96565678]  [ 1578.67566057]
[ 526.32637612]  [ 1583.10923377]
[ 526.86246244]  [ 1584.87941844]
[ 527.97913171]  [ 1588.04618794]
[ 528.82112806]  [ 1590.67586891]
[ 529.6207284]  [ 1592.82640768]
[ 530.99496879]  [ 1596.83428239]
[ 531.74203893]  [ 1599.3703731]
[ 533.25453879]  [ 1603.64632474]
[ 533.99025101]  [ 1605.91170426]
[ 535.4458713]  [ 1610.51839882]
[ 535.69658465]  [ 1611.0718276]
[ 537.04089875]  [ 1615.28319437]
[ 537.86341084]  [ 1617.3000839]
[ 539.15386474]  [ 1621.43517318]
[ 539.72173607]  [ 1623.39273679]
[ 541.032566]  [ 1627.24024911]
[ 542.37005384]  [ 1631.31943806]
[ 543.52356382]  [ 1634.79058144]
[ 544.04662107]  [ 1635.88073834]
[ 545.06592292]  [ 1639.12706673]
[ 546.16957405]  [ 1642.37606191]
[ 547.01795456]  [ 1645.06268377]
[ 548.10819114]  [ 1648.50608167]
[ 549.08453362]  [ 1651.11592508]
[ 549.69378531]  [ 1652.8867974]
[ 550.87394565]  [ 1656.9651115]
[ 552.02699323]  [ 1660.25316714]
[ 553.0565159]  [ 1663.41094401]
[ 553.80472609]  [ 1665.09140251]
[ 554.66600537]  [ 1668.12785987]
[ 556.04229079]  [ 1672.19009062]
[ 556.96030745]  [ 1674.79931587]
[ 558.16910835]  [ 1678.49784783]
[ 558.60437101]  [ 1679.82011505]
[ 560.04520234]  [ 1684.07103304]
[ 561.09785498]  [ 1687.6350521]
[ 562.24224478]  [ 1690.75624298]
[ 563.09294495]  [ 1693.31984797]
[ 563.84646649]  [ 1695.58670356]
[ 564.86832918]  [ 1698.32417487]
[ 566.26341735]  [ 1702.55748068]
[ 567.31308019]  [ 1705.69993986]
[ 568.0326988]  [ 1708.29259794]
[ 568.67992049]  [ 1709.60984688]
[ 569.65155544]  [ 1713.05661771]
[ 571.16567437]  [ 1717.27674711]
[ 572.08568386]  [ 1720.15454275]
[ 573.31988522]  [ 1723.77155184]
[ 574.09759674]  [ 1726.24742521]
[ 574.9006277]  [ 1728.72939815]
[ 576.01233209]  [ 1732.26268813]
[ 577.07440923]  [ 1735.06333944]
[ 578.13012326]  [ 1738.77665923]
[ 579.01648526]  [ 1741.26593564]
[ 579.9449161]  [ 1743.90927097]
[ 581.09378005]  [ 1747.42062062]
[ 581.87967303]  [ 1749.8353256]
[ 583.0874191]  [ 1753.14117987]
[ 583.76634117]  [ 1755.23675747]
[ 585.1931447]  [ 1759.56673917]
[ 586.17535279]  [ 1762.39650616]
[ 586.77672914]  [ 1764.40248662]
[ 588.29063722]  [ 1769.05003499]
[ 588.87133666]  [ 1770.39646294]
[ 589.90264121]  [ 1773.53462457]
[ 590.97509669]  [ 1777.06318311]
[ 591.84434113]  [ 1779.66769901]
[ 593.02789718]  [ 1783.06996474]
[ 593.81384974]  [ 1785.5403758]
[ 594.89067204]  [ 1788.92743049]
[ 596.19545201]  [ 1792.57637935]
[ 596.85763228]  [ 1794.84725777]
[ 598.09960848]  [ 1798.24074288]
[ 598.80696929]  [ 1800.64244541]
[ 599.74421157]  [ 1803.28340548]
[ 600.79703381]  [ 1806.38144877]
[ 602.13102934]  [ 1810.29405136]
[ 602.68272763]  [ 1812.13148459]
[ 603.87614729]  [ 1815.42650137]
[ 605.28462478]  [ 1820.17971036]
[ 606.0866444]  [ 1821.90653055]
[ 607.33600739]  [ 1826.03670856]
[ 608.1926409]  [ 1828.38188035]
[ 608.96527981]  [ 1830.92048925]
[ 610.08126342]  [ 1834.16454615]
[ 610.86453174]  [ 1836.50481087]
[ 612.00630954]  [ 1840.02373843]
[ 612.9923479]  [ 1843.12035672]
[ 613.86462708]  [ 1845.47870287]
[ 614.7991433]  [ 1848.62795002]
[ 616.12630411]  [ 1852.37953955]
[ 617.06549162]  [ 1855.28339807]
[ 618.15271214]  [ 1858.42846825]
[ 618.93367577]  [ 1860.99036444]
[ 619.75667692]  [ 1863.66574887]
[ 620.92955619]  [ 1866.82134887]
[ 621.80810476]  [ 1869.49115179]
[ 623.12000789]  [ 1873.19006411]
[ 624.27164955]  [ 1876.61190604]
[ 625.17352363]  [ 1879.28552492]
[ 625.87511877]  [ 1881.32949747]
[ 627.084153]  [ 1885.21415214]
[ 627.78488331]  [ 1887.42414829]
[ 629.01305845]  [ 1890.81905393]
[ 630.20924825]  [ 1894.26449597]
[ 630.93712414]  [ 1897.06179149]
[ 632.51728943]  [ 1901.18637873]
[ 633.23421986]  [ 1903.58350083]
[ 634.17998805]  [ 1906.67416114]
[ 635.13770596]  [ 1909.37703401]
[ 636.00412227]  [ 1911.90180221]
[ 637.07637039]  [ 1915.61559165]
[ 638.01085375]  [ 1918.09018545]
[ 638.62246094]  [ 1919.86747544]
[ 640.25463281]  [ 1924.59425302]
[ 641.17864311]  [ 1927.59070141]
[ 642.09777208]  [ 1930.05240679]
[ 642.83701678]  [ 1932.22858622]
[ 644.05250142]  [ 1935.85826505]
[ 645.01673879]  [ 1939.13656258]
[ 645.87996263]  [ 1941.7684475]
[ 647.22757409]  [ 1946.0665068]
[ 648.12953034]  [ 1948.40795634]
[ 649.33484675]  [ 1952.06412855]
[ 649.82089077]  [ 1953.73316454]
[ 651.02038247]  [ 1956.99368062]
[ 651.98564143]  [ 1959.67943927]
[ 653.13893302]  [ 1963.4683921]
[ 653.60799611]  [ 1965.09880983]
[ 655.69758362]  [ 1971.31564136]
[ 655.90372701]  [ 1971.70233832]
[ 657.11673132]  [ 1975.26409126]
[ 658.16215848]  [ 1978.58910048]
[ 658.93814044]  [ 1980.92152808]
[ 660.27980691]  [ 1984.80424796]
[ 660.78316475]  [ 1986.24785604]
[ 662.01803211]  [ 1990.12659704]
[ 663.15152436]  [ 1993.33779175]
[ 664.03032904]  [ 1995.94344557]
[ 665.2469179]  [ 2000.04982094]
[ 666.03143893]  [ 2001.79086849]
[ 666.92289987]  [ 2005.04277919]
[ 668.24396214]  [ 2008.58560656]
[ 668.99893558]  [ 2010.98829857]
[ 669.75484196]  [ 2013.35229864]
[ 670.95474729]  [ 2017.13310924]
[ 672.18352974]  [ 2020.64177834]
[ 672.72259825]  [ 2022.068571]
[ 673.90261461]  [ 2025.67534744]
[ 675.25839279]  [ 2029.56451214]
[ 675.90841754]  [ 2031.74076118]
[ 676.96745139]  [ 2034.71933484]
[ 678.01713368]  [ 2038.04331298]
[ 678.9651593]  [ 2040.7567713]
[ 680.10032236]  [ 2044.09242983]
[ 681.04821301]  [ 2047.05692065]
[ 681.91071828]  [ 2049.56095286]
[ 682.76774232]  [ 2052.32485929]
[ 683.92937094]  [ 2055.38846418]
[ 685.05585283]  [ 2059.0480935]
[ 685.96252238]  [ 2061.93995899]
[ 686.91553518]  [ 2064.79762916]
[ 688.03240258]  [ 2067.81614608]
[ 688.82121921]  [ 2070.29571768]
[ 690.06986871]  [ 2074.25149215]
[ 690.93061177]  [ 2076.83948032]
[ 692.17629159]  [ 2080.63665948]
[ 693.18548364]  [ 2083.51558868]
[ 694.04768404]  [ 2086.2047571]
[ 694.93538904]  [ 2088.87034605]
[ 695.98960118]  [ 2091.96216015]
[ 696.776275]  [ 2094.65298229]
[ 698.16334145]  [ 2098.59789787]
[ 699.13707044]  [ 2101.23091719]
[ 700.05907886]  [ 2104.00780104]
[ 701.30592918]  [ 2107.9614587]
[ 702.28343997]  [ 2111.05066996]
[ 703.01925606]  [ 2112.89135477]
[ 704.23098524]  [ 2116.74265104]
[ 704.83662744]  [ 2118.73084921]
[ 705.81065926]  [ 2121.27984201]
[ 707.00715653]  [ 2125.06125958]
[ 707.58850971]  [ 2126.45443439]
[ 708.79829241]  [ 2130.74941594]
[ 709.76769725]  [ 2133.47586751]
[ 710.97890186]  [ 2136.70932565]
[ 711.85416321]  [ 2139.59254752]
[ 712.87675236]  [ 2142.16481885]
[ 713.97170633]  [ 2146.2731171]
[ 714.95404444]  [ 2148.62003339]
[ 716.12964336]  [ 2152.59095095]
[ 716.96381454]  [ 2154.91782927]
[ 717.9817143]  [ 2158.12294469]
[ 719.1961709]  [ 2161.63712189]
[ 719.97374936]  [ 2163.71940643]
[ 721.03222041]  [ 2167.35977849]
[ 721.67897934]  [ 2168.92774046]
[ 723.01672397]  [ 2173.25375771]
[ 723.93081377]  [ 2176.09861061]
[ 725.11143285]  [ 2179.22929395]
[ 725.8552519]  [ 2181.83306841]
[ 727.07432357]  [ 2185.12894751]
[ 727.92119469]  [ 2187.85316509]
[ 729.28538353]  [ 2191.77964135]
[ 729.70452236]  [ 2192.84834523]
[ 730.4680089]  [ 2195.44825222]
[ 732.05498313]  [ 2200.19059327]
[ 733.09392822]  [ 2203.55257422]
[ 734.03531074]  [ 2205.93468606]
[ 734.6922604]  [ 2208.16426389]
[ 735.77212005]  [ 2211.06345756]
[ 736.90298183]  [ 2214.73829201]
[ 738.18937064]  [ 2218.5891746]
[ 739.00171783]  [ 2221.1819253]
[ 740.11240833]  [ 2224.58043919]
[ 741.0820884]  [ 2227.23542545]
[ 742.16259681]  [ 2230.52517597]
[ 743.07545818]  [ 2233.05477096]
[ 744.05495315]  [ 2236.16913613]
[ 745.25589286]  [ 2239.4420022]
[ 745.97251703]  [ 2242.09881476]
[ 747.25017213]  [ 2245.72092514]
[ 748.09261952]  [ 2248.60771808]
[ 748.64555879]  [ 2249.68412847]
[ 749.64037019]  [ 2253.09111357]
[ 750.92905995]  [ 2256.84274532]
[ 752.13531785]  [ 2260.29688004]
[ 752.97779338]  [ 2262.91853561]
[ 754.22714921]  [ 2266.74876182]
[ 754.77291923]  [ 2268.4131531]
[ 755.53534593]  [ 2270.67104863]
[ 756.77048121]  [ 2274.25659413]
[ 757.89810041]  [ 2277.84012239]
[ 759.02675903]  [ 2281.04183231]
[ 759.93347928]  [ 2283.90726775]
[ 761.0697656]  [ 2287.28240039]
[ 762.3438202]  [ 2290.9555945]
[ 763.12860005]  [ 2293.48001736]
[ 764.09419311]  [ 2296.54238281]
[ 764.71193932]  [ 2298.14860516]
[ 765.98498557]  [ 2301.83932018]
[ 767.01805418]  [ 2305.18891821]
[ 767.75273064]  [ 2307.6939539]
[ 769.00093348]  [ 2310.89374575]
[ 769.75998895]  [ 2313.18034677]
[ 771.02903951]  [ 2317.25696382]
[ 772.03326051]  [ 2320.31838587]
[ 773.08371742]  [ 2323.51301212]
[ 774.0141278]  [ 2326.224625]
[ 775.14302837]  [ 2329.43254255]
[ 776.11193041]  [ 2332.44405187]
[ 776.9670624]  [ 2334.71141376]
[ 777.68346088]  [ 2337.22252633]
[ 779.0452889]  [ 2340.88412738]
[ 780.57181792]  [ 2345.62415027]
[ 781.261236]  [ 2347.46817183]
[ 781.98826766]  [ 2349.88964522]
[ 782.8731181]  [ 2352.92285796]
[ 783.50002823]  [ 2354.8317965]
[ 785.16401707]  [ 2359.64271224]
[ 786.24132945]  [ 2362.66037585]
[ 787.05323946]  [ 2365.06676464]
[ 787.91036686]  [ 2367.88150402]
[ 788.59533094]  [ 2369.99933444]
[ 790.0250878]  [ 2374.0712224]
[ 791.3261856]  [ 2377.88575639]
[ 792.24489228]  [ 2380.700347]
[ 792.93686285]  [ 2382.72637367]
[ 793.94829093]  [ 2385.9550194]
[ 794.97264174]  [ 2389.09513914]
[ 796.18742583]  [ 2392.47073257]
[ 796.93054836]  [ 2394.70683956]
[ 797.95921284]  [ 2397.49606886]
[ 798.82574173]  [ 2400.47682438]
[ 800.12725903]  [ 2404.44975499]
[ 800.9273917]  [ 2406.64836572]
[ 802.02479364]  [ 2410.06954218]
[ 803.05385277]  [ 2412.91028747]
[ 803.96430586]  [ 2415.61739512]
[ 804.91894219]  [ 2419.10114569]
[ 805.78283727]  [ 2421.14729252]
[ 807.08807508]  [ 2425.29114723]
[ 807.51773909]  [ 2426.90580212]
[ 809.01704867]  [ 2431.08954752]
[ 810.30476115]  [ 2434.92799968]
[ 811.35995613]  [ 2438.14995553]
[ 812.25430258]  [ 2440.52728902]
[ 813.1294381]  [ 2443.33029977]
[ 813.43650793]  [ 2444.37168354]
[ 814.70437055]  [ 2448.0175281]
[ 816.39905205]  [ 2453.23878942]
[ 817.16405552]  [ 2455.41040906]
[ 818.02200336]  [ 2457.87083229]
[ 819.09196172]  [ 2461.51860869]
[ 820.07249931]  [ 2464.2803722]
[ 821.13922069]  [ 2467.37404744]
[ 821.62780032]  [ 2468.91800777]
[ 823.25377921]  [ 2473.85202642]
[ 824.0062898]  [ 2475.77209373]
[ 825.02723151]  [ 2479.27870948]
[ 826.17389488]  [ 2482.76182328]
[ 826.73926077]  [ 2484.33738667]
[ 828.19650805]  [ 2488.7240222]
[ 829.17573641]  [ 2491.48922685]
[ 830.19302921]  [ 2494.31994382]
[ 830.88131054]  [ 2496.71125245]
[ 831.84595087]  [ 2499.51301282]
[ 832.90446361]  [ 2502.81936586]
[ 833.80729491]  [ 2505.34768992]
[ 835.08852945]  [ 2509.44542188]
[ 835.98436515]  [ 2511.92620265]
[ 836.69473927]  [ 2514.03673902]
[ 837.65937081]  [ 2516.9727349]
[ 839.24435559]  [ 2521.92600075]
[ 839.70757145]  [ 2522.95492543]
[ 841.05945197]  [ 2527.27499737]
[ 841.84522297]  [ 2529.63215957]
[ 843.14711788]  [ 2533.46473581]
[ 843.63389257]  [ 2534.78237464]
[ 844.94898034]  [ 2538.77911123]
[ 845.63980713]  [ 2540.7998487]
[ 846.77068812]  [ 2544.31965927]
[ 847.83575411]  [ 2547.34655873]
[ 849.00314655]  [ 2551.05983394]
[ 850.06429573]  [ 2554.38233809]
[ 851.05409828]  [ 2557.21662764]
[ 852.27927109]  [ 2560.87726267]
[ 853.22493098]  [ 2563.46284451]
[ 853.96500094]  [ 2565.89953528]
[ 854.82080802]  [ 2568.645157]
[ 856.21436776]  [ 2572.54187575]
[ 856.94749414]  [ 2575.08447298]
[ 858.26654515]  [ 2578.9056662]
[ 858.86265229]  [ 2580.70733613]
[ 859.76762682]  [ 2583.11375441]
[ 860.85487887]  [ 2586.42820793]
[ 861.97703483]  [ 2590.09090614]
[ 863.00792569]  [ 2593.06210214]
[ 864.07503918]  [ 2596.23949974]
[ 865.1623893]  [ 2599.29184838]
[ 866.03662419]  [ 2602.26304792]
[ 867.00810859]  [ 2605.27952774]
[ 867.90877012]  [ 2607.63532623]
[ 869.18855194]  [ 2611.49023608]
[ 869.88473388]  [ 2613.7132837]
[ 870.87343615]  [ 2616.88537711]
[ 871.81163006]  [ 2619.89824665]
[ 873.16599627]  [ 2623.09846922]
[ 874.26274122]  [ 2626.8935933]
[ 875.01046967]  [ 2629.05456353]
[ 875.96003796]  [ 2632.14250647]
[ 876.84033756]  [ 2634.33512848]
[ 878.43246365]  [ 2639.03879338]
[ 878.89658792]  [ 2641.05498248]
[ 879.87110995]  [ 2643.91669927]
[ 880.90696517]  [ 2646.69812558]
[ 882.11276943]  [ 2650.31776533]
[ 882.92113537]  [ 2652.82334995]
[ 884.06475817]  [ 2656.12132189]
[ 884.9682419]  [ 2658.77563117]
[ 885.78135165]  [ 2661.41290102]
[ 886.91021119]  [ 2664.57599321]
[ 887.91897836]  [ 2667.70364057]
[ 889.16227373]  [ 2671.68826209]
[ 890.3692733]  [ 2675.22276486]
[ 891.38265564]  [ 2678.12245055]
[ 892.06827544]  [ 2680.32215744]
[ 893.22427935]  [ 2683.59225518]
[ 893.69038713]  [ 2685.25749941]
[ 895.15301762]  [ 2689.35764279]
[ 896.20594027]  [ 2692.64522297]
[ 897.37848949]  [ 2696.46599158]
[ 898.14672978]  [ 2698.70968503]
[ 898.85962857]  [ 2700.9578444]
[ 899.82011249]  [ 2703.73338007]
[ 901.41876902]  [ 2708.13499353]
[ 902.13052069]  [ 2710.38157459]
[ 903.13935568]  [ 2713.74878244]
[ 903.62149509]  [ 2715.17405689]
[ 904.67878683]  [ 2717.91219999]
[ 906.37324206]  [ 2723.01738534]
[ 907.02071425]  [ 2725.2164165]
[ 908.09569411]  [ 2728.5481821]
[ 908.77689781]  [ 2730.28147687]
[ 909.94588081]  [ 2733.8258102]
[ 910.7871384]  [ 2736.25424268]
[ 911.69798993]  [ 2739.26396721]
[ 912.85304136]  [ 2742.49871176]
[ 913.80982286]  [ 2745.48867827]
[ 915.07275804]  [ 2749.35886996]
[ 916.03505861]  [ 2752.53824522]
[ 916.96734658]  [ 2754.91691481]
[ 917.88498726]  [ 2757.63996535]
[ 918.92324792]  [ 2760.68918927]
[ 920.48894878]  [ 2765.55350999]
[ 921.16124109]  [ 2767.38033736]
[ 921.86323724]  [ 2769.7878525]
[ 923.33026057]  [ 2774.09550439]
[ 923.9612444]  [ 2776.20842459]
[ 924.70554277]  [ 2777.84812818]
[ 926.17322976]  [ 2782.46220201]
[ 926.72769989]  [ 2784.03382485]
[ 928.19096774]  [ 2788.75272299]
[ 928.93857809]  [ 2790.8216599]
[ 930.28103878]  [ 2794.92512628]
[ 930.97321158]  [ 2797.26233229]
[ 932.03088511]  [ 2799.57702999]
[ 932.8906367]  [ 2802.42298688]
[ 934.06675805]  [ 2806.15729122]
[ 934.54340727]  [ 2807.67225181]
[ 936.07895457]  [ 2812.42197905]
[ 936.88868927]  [ 2814.7268663]
[ 937.78324015]  [ 2817.71857941]
[ 939.244387]  [ 2821.73593829]
[ 940.06418787]  [ 2824.11657501]
[ 940.87660618]  [ 2826.59917424]
[ 942.02884098]  [ 2829.90242923]
[ 942.78150255]  [ 2832.41555203]
[ 944.0647956]  [ 2836.27897983]
[ 944.90259943]  [ 2839.02017593]
[ 946.31348536]  [ 2842.91901127]
[ 947.14275125]  [ 2845.47530998]
[ 948.08999537]  [ 2848.40706649]
[ 948.73110986]  [ 2850.1733779]
[ 949.82531304]  [ 2853.06906078]
[ 951.16210561]  [ 2857.13659278]
[ 952.26858083]  [ 2860.74338123]
[ 953.17521951]  [ 2863.31346169]
[ 954.01984628]  [ 2865.94446863]
[ 955.24494812]  [ 2869.53234744]
[ 955.85418762]  [ 2871.56638211]
[ 956.89464386]  [ 2874.5460289]
[ 958.08468842]  [ 2878.05207825]
[ 959.19546601]  [ 2881.54099306]
[ 959.98816693]  [ 2883.69708797]
[ 960.97870106]  [ 2886.91280741]
[ 962.01353583]  [ 2889.96664064]
[ 963.12715953]  [ 2893.64430983]
[ 963.67937662]  [ 2895.07195551]
[ 964.97647319]  [ 2898.87038698]
[ 966.0340505]  [ 2901.85089669]
[ 966.72482769]  [ 2904.40101677]
[ 968.01237307]  [ 2908.29303919]
[ 969.05467226]  [ 2911.29271007]
[ 970.01103452]  [ 2913.93327511]
[ 970.47021203]  [ 2915.34146599]
[ 972.26224846]  [ 2920.99370582]
[ 973.10489931]  [ 2923.57809277]
[ 973.51705491]  [ 2924.35932006]
[ 975.23683659]  [ 2929.6781329]
[ 975.95397278]  [ 2931.94092663]
[ 977.26049652]  [ 2936.12399244]
[ 978.24395804]  [ 2938.51939217]
[ 979.07981153]  [ 2941.10218454]
[ 980.3276435]  [ 2945.15815971]
[ 980.9386865]  [ 2946.87987518]
[ 982.16772297]  [ 2950.38478941]
[ 982.80638922]  [ 2952.42504002]
[ 984.36206229]  [ 2957.34031785]
[ 984.95517619]  [ 2958.71142483]
[ 986.13538722]  [ 2962.33838769]
[ 986.77945895]  [ 2964.23325759]
[ 987.96864849]  [ 2967.842249]
[ 989.18673761]  [ 2971.35121467]
[ 989.99111168]  [ 2973.97213038]
[ 991.2662371]  [ 2977.53839694]
[ 991.88710291]  [ 2979.99174822]
[ 992.67996901]  [ 2981.62163487]
[ 994.03999777]  [ 2986.28661559]
[ 994.96604733]  [ 2988.93737857]
[ 996.15741388]  [ 2992.27490591]
[ 997.03850379]  [ 2995.0144529]
[ 997.71048005]  [ 2996.86356194]
[ 998.94338098]  [ 3000.89939309]
